5;976 75 -482
5;856 97 -450
5;822 -57 -493
5;658 6 916
5;637 -24 138
5;591 49 657
5;575 -84 -542
5;513 -60 -722
5;320 -47 393
5;149 60 839
4;955 -79 -705
4;693 80 -759
4;471 -4 -418
4;452 -97 92
4;375 -91 -507
4;146 43 -955
4;128 -24 949
4;127 -22 734
3;960 94 -852
3;928 -6 404
3;891 -18 -979
3;801 55 -486
3;728 89 -968
3;588 -20 542
3;544 -40 141
3;503 -91 996
3;442 -13 148
3;209 -37 319
2;961 64 103
2;951 -45 -904
2;797 21 206
2;777 -28 -427
2;728 77 -45
2;679 -71 -548
2;570 -93 63
2;494 -71 987
2;180 -83 129
2;162 -84 -290
1;859 47 649
1;617 28 201
1;603 23 -248
1;573 80 45
1;486 82 -182
1;104 -56 -835
2;-997 75 -974
1;-982 23 -225
2;-437 19 -971
4;-655 -62 969
4;-70 -62 -959
2;-172 100 947
3;-866 52 -927
2;-897 9 -926
4;-426 45 923
2;-883 -62 -921
4;-919 -38 -639
2;-783 99 -906
3;41 64 -906
4;-703 73 902
1;-898 23 739
3;-894 -17 -214
3;-147 -73 -884
1;-867 63 -415
3;-832 -77 858
4;-119 83 844
3;-835 92 -678
2;72 -28 -832
5;-827 97 -52
2;-256 67 823
2;-795 25 352
3;-793 -30 -789
2;-286 33 -762
1;-731 36 -629
5;-375 12 728
5;-725 42 111
3;-711 87 550
5;-681 -98 -429
3;-540 -83 -672
5;-671 -35 -646
5;-657 -65 -427
4;-28 47 650
3;-642 88 -56
5;-182 1 -634
2;-136 -74 620
3;-617 48 -180
5;90 77 -191
1;47 3 -574
2;-571 -30 -122
3;-502 85 92
1;-161 44 -452
5;-4 81 448
5;-94 52 400
2;86 57 -389
3;86 92 -379
3;66 -50 -357
1;23 -19 324
5;-288 44 -159
3;-210 -24 263
2;-11 21 -219
3;-94 -2 122
1;-70 -95 -23
